FRAMES = 10
HIGH = 5.31451
LOW = 4.82946
AVG = 5.10836
